0000010111101011
0000001000011100
0000001101101111
0000000000011100
0000010111010101
0001111100101110
0100001011110110
0000000000000000
0000000001010001
0000000001100000
0000001000111110
0001010111001110
0010010001100000
0011001100010010
0100011000111110
0000000000000000
1000000000000000
0100000000000000
0010000000000000
0001000000000000
0000100000000000
0000010000000000
0000001000000000
0000000000000000
0010010111100110
0011001000101101
0001101011011010
0000010011010110
0101101110100000
0000100001101010
0010111001100111
0000000000000000
